[0, 0, 0, 0, 0] 
[0, 0, 0, 0, 0] 
[0, 0, 0, 0, 0] 
[0, 0, 0, 0, 0] 
[0, 0, 0, 0, 0] 
[0, 0, 0, 0, 0] 
[0, 0, 0, 0, 0] 
[0, 0, 0, 0, 0] 
[0, 0, 0, 0, 0] 
[0, 0, 0, 0, 0] 
[0, 0, 0, 0, 0] 
[0, 0, 0, 0, 0] 
[0, 0, 0, 0, 0] 
[0, 0, 0, 0, 0] 
[0, 10.16177487373352, 0, 0, 0] 
[0, 0, 0, 0, 0] 
[0, 0, 0, 0, 0] 
[0, 0, 0, 0, 0] 
[0, 0, 0, 0, 0] 
[0, 0, 0, 0, 0] 
[0, 0, 0, 0, 0] 
[0, 0, 0, 0, 0] 
[0, 0, 0, 0, 0] 
[0, 0, 0, 0, 0] 
[0, 0, 0, 0, 0] 
[0, 0, 0, 0, 0] 
[0, 0, 0, 0, 0] 
[0, 0, 0, 0, 0] 
[0, 0, 0, 0, 0] 
[0, 0, 0, 0, 0] 
[0, 0, 0, 0, 0] 
[0, 0, 0, 0, 0] 
[0, 0, 0, 0, 0] 
[0, 0, 0, 0, 0] 
[0, 0, 0, 0, 0] 
[0, 8.587587356567383, 0, 0.6353328227996826, 0.8615617752075195] 
[0, 0, 0, 0, 0] 
[0, 0, 0, 0, 0] 
[0, 4.951483488082886, 0.5649886131286621, 0, 2.9218556880950928] 
[0, 0, 0, 0, 0] 
[0, 0, 0, 0, 0] 
[0, 0, 0, 0, 0] 
[0, 0, 0, 0, 0] 
[0, 0, 0, 0, 0] 
[0, 24.620020151138306, 0, 0, 0] 
[0, 0, 0, 0, 0] 
[0, 0, 0, 0, 0] 
[0, 1.4561383724212646, 0, 0, 0] 
[0, 0, 0, 0, 0] 
[0, 0, 0, 0, 0] 
[0, 0, 0, 0, 0] 
[0, 0, 0, 0, 0] 
[0, 0, 0, 0, 0] 
[0, 0, 0, 0, 0] 
[0, 0, 0, 0, 0] 
[0, 0, 0, 0, 0] 
[0, 0, 0, 0, 0] 
[0, 0, 0, 0, 0] 
[0, 0, 0, 0, 0] 
[0, 1.734006404876709, 0, 0, 0] 
[0, 0, 0, 0, 0] 
[0, 0, 0, 0, 0] 
[0, 0, 0, 0, 0] 
[0, 0, 0, 0, 0] 
[0, 0, 0, 0, 0] 
[0, 0, 0, 0, 0] 
[0, 0, 0, 0, 0] 
[0, 0, 0, 0, 0] 
[0, 0, 0, 0, 0] 
