[0, 0, 0, 0, 0] 
[0, 0, 0, 0, 0] 
[0, 0, 0, 0, 0] 
[0, 0, 0, 0, 0] 
[0, 0, 0, 0, 0] 
[0, 0, 0, 0, 0] 
[0, 0, 0, 0, 0] 
[0, 0, 0, 0, 0] 
[0.32605648040771484, 4.191545724868774, 8.226390600204468, 0.6028845310211182, 0] 
[0.41394805908203125, 4.221993684768677, 6.716681957244873, 1.2072553634643555, 1.8579373359680176] 
[0, 7.3046815395355225, 6.477410316467285, 0.6324434280395508, 0.8021712303161621] 
[0.4927346706390381, 1.3462085723876953, 4.978038787841797, 0, 1.186342477798462] 
[0, 0, 0, 0, 0] 
[0, 0, 0, 0, 0] 
[0.5469179153442383, 3.8605265617370605, 3.1222870349884033, 0, 0] 
[0.5479285717010498, 3.4744973182678223, 3.1247646808624268, 0, 0] 
[0, 6.057941198348999, 1.3511595726013184, 0, 0] 
[0.10189175605773926, 3.073490858078003, 2.2126615047454834, 0, 0] 
[0, 0, 0, 0, 0] 
[0, 0, 0, 0, 0] 
[0, 3.2870867252349854, 1.3003411293029785, 0.78061842918396, 4.193101406097412] 
[0.19272327423095703, 3.5464580059051514, 0.8550534248352051, 0.7802371978759766, 4.194091320037842] 
[0, 4.563235521316528, 0.9724981784820557, 0, 3.9693996906280518] 
[0.18208718299865723, 2.5531868934631348, 0.9154765605926514, 0, 4.252918004989624] 
[0, 0, 0, 0, 0] 
[0, 0, 0, 0, 0] 
[0, 7.5515663623809814, 6.3955466747283936, 0.7692701816558838, 0] 
[0, 7.546923875808716, 6.407138109207153, 0.7682130336761475, 0] 
[0, 11.723060607910156, 3.232544422149658, 0, 0] 
[0.12887811660766602, 4.18798041343689, 0.8287971019744873, 0, 1.182227373123169] 
[0, 0, 0, 0, 0] 
[0, 0, 0, 0, 0] 
[0.5572109222412109, 7.100773096084595, 3.0451178550720215, 0, 2.656102418899536] 
[0.5491995811462402, 6.349715232849121, 2.646211862564087, 0.7973427772521973, 2.65633225440979] 
[0, 9.566333055496216, 1.7380290031433105, 0, 2.4646058082580566] 
[0.40380358695983887, 7.285398006439209, 1.675037145614624, 0, 4.02607536315918] 
[0, 0, 0, 0, 0] 
[0, 0, 0, 0, 0] 
[0, 8.113283395767212, 5.21970009803772, 1.3852145671844482, 0] 
[0.3301584720611572, 8.503397703170776, 5.226039171218872, 0.6655793190002441, 0] 
[0, 11.968732357025146, 2.6871068477630615, 0, 0] 
[1.0606708526611328, 5.2729175090789795, 2.5743391513824463, 1.5194652080535889, 4.167856454849243] 
