[0, 0, 0, 0, 0] 
[0, 0, 0, 0, 0] 
[0, 0, 0, 0, 0] 
[0, 0, 0, 0, 0] 
[0, 0, 0, 0, 0] 
[0, 0, 0, 0, 0] 
[0, 0, 0, 0, 0] 
[0, 0, 0, 0, 0] 
[0, 0, 0, 0, 0] 
[0, 0, 0, 0, 0] 
[0, 0, 0, 0, 0] 
[0, 0, 0, 0, 0] 
[0, 0, 0, 0, 0] 
[0, 0, 0, 0, 0] 
[0, 4.06937837600708, 3.549506902694702, 1.461613655090332, 0.9011101722717285] 
[0, 0, 0, 0, 0] 
[0, 0.32685279846191406, 0, 0, 0] 
[0, 0.7635118961334229, 0.46175599098205566, 0, 1.6487784385681152] 
[0, 0, 0, 0, 0] 
[0, 0, 0, 0, 0] 
[0, 0, 0, 0, 0] 
[0, 0, 0, 0, 0] 
[0, 0, 0, 0, 0] 
[0, 0, 0, 0, 0] 
[0, 0, 0, 0, 0] 
[0, 0, 0, 0, 0] 
[0, 0, 0, 0, 0] 
[0, 0, 0, 0, 0] 
[0, 0, 0, 0, 0] 
[0, 0, 0, 0, 0] 
[0, 0, 0, 0, 0] 
[0, 0, 0, 0, 0] 
[0, 3.899632453918457, 1.29459547996521, 0, 0] 
[0, 0, 0, 0, 0] 
[0, 0.709118127822876, 0, 0, 0] 
[0, 1.098935604095459, 0.44138383865356445, 0, 1.4929137229919434] 
[0, 0, 0, 0, 0] 
[0, 0, 0, 0, 0] 
[0, 0, 0, 0, 0] 
[0, 0, 0, 0, 0] 
[0, 0, 0, 0, 0] 
[0, 0, 0, 0, 0] 
[0, 0, 0, 0, 0] 
[0, 0, 0, 0, 0] 
[0, 0, 0, 0, 0] 
[0, 0, 0, 0, 0] 
[0, 0, 0, 0, 0] 
[0, 0, 0, 0, 0] 
[0, 0, 0, 0, 0] 
[0, 0, 0, 0, 0] 
[0, 0, 0, 0, 0] 
[0, 0, 0, 0, 0] 
[0, 0, 0, 0, 0] 
[0, 0, 0, 0, 0] 
[0, 0, 0, 0, 0] 
[0, 0, 0, 0, 0] 
[0, 21.279348373413086, 28.92306423187256, 7.886109352111816, 1.6863071918487549] 
[0, 0, 0, 0, 0] 
[0, 0, 0, 0, 0] 
[0, 0, 0.9380919933319092, 0, 1.6751656532287598] 
[0, 0, 0, 0, 0] 
[0, 0, 0, 0, 0] 
[0, 0, 0, 0, 0] 
[0, 0, 0, 0, 0] 
[0, 0, 0, 0, 0] 
[0, 0, 0, 0, 0] 
[0, 0, 0, 0, 0] 
[0, 0, 0, 0, 0] 
[0, 1.1365361213684082, 2.159762144088745, 0, 0] 
[0, 0, 0, 0, 0] 
[0, 0, 0, 0, 0] 
[0.12980103492736816, 0.7774584293365479, 0.45558905601501465, 0, 0] 
[0, 0, 0, 0, 0] 
[0, 0, 0, 0, 0] 
[0, 0, 0, 0, 0] 
[0, 0, 0, 0, 0] 
[0, 0, 0, 0, 0] 
[0, 0, 0, 0, 0] 
[0, 0, 0, 0, 0] 
[0, 0, 0, 0, 0] 
[0, 6.687793731689453, 1.828033447265625, 0, 1.2393476963043213] 
[0, 0, 0, 0, 0] 
[0, 0, 0, 0, 0] 
[0, 0.7349953651428223, 0, 0, 0] 
[0, 0, 0, 0, 0] 
[0, 0, 0, 0, 0] 
[0, 8.430580854415894, 0, 0, 0] 
[0, 0, 0, 0, 0] 
[0, 0, 0, 0, 0] 
[0, 0.2005012035369873, 0, 0, 1.2803664207458496] 
