[0, 0, 0, 0, 0] 
[0, 0, 0, 0, 0] 
[0, 0, 0, 0, 0] 
[0, 0, 0, 0, 0] 
[0, 0, 0, 0, 0] 
[0, 0, 0, 0, 0] 
[0, 0, 0, 0, 0] 
[0, 0, 0, 0, 0] 
[0, 1.0796549320220947, 0.8268680572509766, 0, 0] 
[0, 0, 0, 0, 0] 
[0, 0, 0, 0, 0] 
[0, 0.35764336585998535, 0.8227052688598633, 0, 0] 
[0, 0, 0, 0, 0] 
[0, 0, 0, 0, 0] 
[0, 0, 0, 0, 0] 
[0, 0, 0, 0, 0] 
[0, 0, 0, 0, 0] 
[0, 0, 0, 0, 0] 
[0, 0, 0, 0, 0] 
[0, 0, 0, 0, 0] 
[0, 0, 0, 0, 0] 
[0, 0, 0, 0, 0] 
[0, 0, 0, 0, 0] 
[0, 0, 0, 0, 0] 
[0, 0, 0, 0, 0] 
[0, 0, 0, 0, 0] 
[0, 0, 0, 0, 0] 
[0, 0, 0, 0, 0] 
[0, 0, 0, 0, 0] 
[0, 0, 0, 0, 0] 
